140
0
1
1
2
3
4
7
8
15
16
31
32
63
64
127
128
255
256
511
512
1023
1024
2047
2048
4095
4096
8191
8192
16383
16384
32767
32768
65535
65536
131071
131072
262143
262144
524287
524288
1048575
1048576
2097151
2097152
4194303
4194304
8388607
8388608
16777215
16777216
33554431
33554432
67108863
67108864
134217727
134217728
268435455
268435456
536870911
536870912
1073741823
1073741824
2147483647
2147483648
4294967295
4294967296
8589934591
8589934592
17179869183
17179869184
34359738367
34359738368
68719476735
68719476736
137438953471
137438953472
274877906943
274877906944
549755813887
549755813888
1099511627775
1099511627776
2199023255551
2199023255552
4398046511103
4398046511104
8796093022207
8796093022208
17592186044415
17592186044416
35184372088831
35184372088832
70368744177663
70368744177664
140737488355327
140737488355328
281474976710655
281474976710656
562949953421311
562949953421312
1125899906842623
1125899906842624
2251799813685247
2251799813685248
4503599627370495
4503599627370496
9007199254740991
9007199254740992
9
10
99
100
999
1000
9999
10000
99999
100000
999999
1000000
9999999
10000000
99999999
100000000
999999999
1000000000
9999999999
10000000000
99999999999
100000000000
999999999999
1000000000000
9999999999999
10000000000000
99999999999999
100000000000000
999999999999999
1000000000000000
9999999999999999
10000000000000000
