38147
6785
53997
14509
48203
41109
53714
1367
25847
58384
28070
1896
36918
49329
28413
9914
1341
43
34727
59124
53430
32683
22437
47578
7386
55977
53675
41365
17048
7944
21417
55195
14729
51766
46055
39283
32874
39768
17002
35072
38151
21423
36967
51420
10752
5380
37685
12092
41774
48763
47567
35203
21446
10003
59132
5183
42332
29158
22899
59379
13454
20667
30925
4534
12432
16980
43816
21657
56747
817
56728
11250
22240
10047
39021
9343
51778
16706
21434
33551
5468
45352
8754
3265
31707
44237
8447
14038
13395
31345
49768
3200
52012
20693
7733
40795
37672
27900
2452
10770
5069
35531
22019
27308
45577
1040
36650
37354
54097
34435
10905
59564
19786
56010
39181
27844
16598
47627
41881
29992
55324
8001
9543
47335
28693
17275
4481
42716
45175
6932
53485
26595
42463
15504
53902
28039
52895
6903
41745
46991
17689
52649
22906
13826
25010
2086
41670
41607
49713
59902
47951
21388
7902
57493
45074
12946
51120
49554
55661
12646
32838
49146
39240
15300
41001
9493
19690
33895
52747
1434
20885
10435
30434
43790
612
31795
45876
18633
13402
11940
18535
1352
9679
2788
35196
54752
15734
26315
44305
47746
15312
17142
36891
54551
8793
54243
40395
4835
28137
33141
42620
25373
19927
13054
9163
20539
21200
31390
15523
34601
19681
34057
12304
29359
13197
23852
24110
28930
26518
44766
53027
41830
1908
29918
12732
47052
512
53127
51886
28649
26267
34506
54021
22546
23911
39535
19436
45110
47276
34958
56063
6956
45367
8366
12666
58563
32217
13127
3844
58735
57893
56870
16916
36152
3139
29647
23203
3651
22773
15089
8651
25392
25946
39023
47937
49856
18558
7372
11317
42185
42329
7379
25493
4047
15745
38158
2609
24313
51285
42804
59399
49177
39674
16314
25328
19164
22313
24882
22814
45085
16322
31464
46828
42267
10487
34764
8474
5396
18487
19791
23932
37168
3521
49424
41214
55617
27582
20175
19930
18866
2978
55680
44394
19003
11994
46073
38167
34306
47306
980
55742
3628
8796
42570
22246
55634
53685
30720
37381
12172
26862
1312
49339
30382
50736
6904
25999
54669
27078
22280
49886
30056
17959
10631
49058
6304
56703
27224
16961
44008
4556
12703
23987
49703
31624
46233
21688
25308
53304
35420
13831
20165
36731
39521
26898
3818
46425
52896
34838
13502
15175
24723
43557
9486
11705
8967
15789
8407
12542
32750
28767
53449
21804
29105
43151
29779
15337
41190
31438
8640
16609
45269
5156
53340
24789
32054
33509
11213
24949
44699
1067
16476
9421
20975
25961
21126
29941
18101
5884
42483
27202
11002
35931
25357
40107
55434
55135
31795
36623
26573
16787
53232
48193
21942
22923
12981
53995
32783
546
55296
17481
37964
48123
3254
58938
50435
731
28879
8535
42966
47713
35737
53968
59995
37445
10426
31780
32580
42220
44755
35504
59006
14338
23696
20948
37260
13028
51294
46394
49925
22941
40227
27888
11063
43480
26826
1497
44210
32056
10032
27175
56120
22120
57494
32466
35916
7919
40598
8495
26491
25352
20350
1848
39689
20397
59147
53300
33425
50441
39693
59701
13381
19919
3941
796
39750
7118
2292
311
15525
48675
27486
11644
47146
1331
20461
23062
9250
1058
31556
12092
2761
28258
13939
42449
48654
13086
12100
58430
39878
28145
34483
53258
24415
38423
54053
4165
45540
32697
4475
1064
21371
8312
49059
8517
9643
45871
31578
55244
23281
39485
43687
26041
44094
57625
44842
32748
47062
56941
7529
26939
25085
42011
56549
49500
20433
26953
30016
42324
59649
34490
43387
57372
19154
8797
5888
5148
31020
13817
391
54300
29653
20429
20340
50099
18053
5181
22846
5115
38474
6726
8405
3558
48737
4953
29409
45521
31906
59424
27845
31554
33914
47583
5277
29419
56380
11164
34566
27399
1332
11308
58050
7337
31736
18389
57435
49788
59922
56632
31254
38395
3357
39659
18304
28445
44611
47713
13966
52868
47136
41810
774
57401
29392
6050
26819
2123
53566
37736
5873
31249
49043
3922
38585
20778
58663
12371
46918
34936
45354
54523
49682
25063
34181
7985
53507
55144
32049
7472
24363
55537
25633
25136
52937
55025
31186
56108
33499
1103
33843
15724
32351
59238
55997
47288
20015
54659
59658
43284
5946
21364
37807
55627
46426
11987
39964
39932
43482
48364
23756
7845
43900
49388
9332
13189
20764
16869
9296
54263
17971
19490
46338
26674
18727
42334
13961
15094
13345
49970
58377
19290
11333
36183
51269
57758
24522
7584
14042
44355
55947
37797
28551
16199
27184
37883
29387
24300
54751
15034
54914
49074
10875
41251
15747
29602
23584
29707
21047
36928
56028
19423
56218
7361
31958
23838
5118
32831
7773
55511
17185
3719
33307
22088
56269
36843
59970
2007
1142
31072
17040
56055
56497
27915
13657
48595
33868
37240
18301
54914
14168
50681
50688
46737
58041
58997
46926
39510
31827
54698
35021
25364
34768
44679
23803
31037
21521
124
33043
59014
31195
26435
31420
4044
54349
45076
52638
4568
58668
47291
35833
12835
37971
2872
35923
12363
1869
22848
51872
10047
17545
3244
11762
52312
47923
35564
59700
45795
35687
32743
21161
43234
59177
52580
23629
29877
14008
16266
10796
12675
39908
22980
1861
17878
25851
37783
6592
4071
36982
58464
50470
54526
1707
38583
23189
25981
14147
22889
11776
26185
31983
32936
45770
7511
1867
9398
37387
52226
2016
24534
41252
41923
47513
43112
36153
49715
57246
42744
53786
34227
17559
20607
5104
19266
59189
28293
45246
13335
27533
33373
15872
59515
42660
1641
7025
44527
47391
20763
13104
49406
45296
54356
7680
9160
13819
43832
58874
11065
2928
29011
21643
20486
49617
26747
39751
48806
31391
1349
38492
58923
34721
30715
34789
53733
32356
18165
38259
56098
38927
27714
45503
574
58421
53182
9733
12240
13366
44958
59656
16293
13969
21298
36778
39937
24396
52881
28742
55786
54229
43586
31060
5301
14300
42200
59033
23007
364
13643
19104
15642
41357
40958
16215
39777
10492
2299
28368
23857
23609
28023
40149
13929
25673
16926
53865
50068
9806
58959
22206
40386
42544
29617
45687
33195
11817
21071
56202
48532
34714
51657
4174
52422
8967
56740
8550
19458
35391
36918
43314
58999
41292
59814
12927
6964
53091
43143
57032
39249
42101
55589
19634
24644
25205
41672
57839
13373
39095
30392
38257
13808
58400
42430
42581
7366
15521
27482
26823
27263
40751
46488
2613
22043
46301
15539
29006
39392
58682
2389
18640
17134
34329
14625
41778
59534
32649
15968
49258
11743
46359
27514
1902
44758
46295
20834
28476
1816
48315
55298
5430
29066
41786
8043
27460
28086
59933
56465
43829
34966
35206
38820
52100
9534
53445
33877
45419
26093
26196
34677
14187
12554
2190
16088
33663
48485
36921
38490
26652
1587
33788
32081
30652
51925
40123
58111
56362
40056
30928
40191
51373
42485
19010
43472
52018
48806
17348
13789
51250
19895
48465
5436
8800
27006
57875
18815
51842
11147
57304
18493
12734
31091
26926
19737
23015
7048
17848
55729
23455
25127
35919
14828
7611
31280
34651
35980
20086
28351
49768
47687
48245
14584
53123
57045
17942
27349
15859
9783
38496
13162
28276
27581
20605
55201
47317
19971
38600
5164
15699
38407
6642
51617
29586
14252
22897
4236
26584
19334
32586
52703
7020
20831
7287
36494
17875
25228
40195
10085
11362
18690
23246
39637
22622
43850
11189
9938
3821
49789
51454
55871
4547
58095
47488
34132
48699
46736
38367
15282
42421
47305
7984
25792
8135
51622
2286
2361
53201
18832
12445
4563
13873
12042
20551
36494
32244
31740
46431
12416
57880
37884
8286
2426
12331
32125
36557
1029
18860
51275
16310
37632
38579
645
3424
46713
52267
42061
25425
21819
892
14221
26381
14764
26263
46932
51257
58506
55023
14039
47273
52902
51923
55558
55327
4253
27683
8235
41633
22894
59509
57942
36878
38088
34938
40301
1152
27204
58713
2929
25375
35956
17149
28107
50719
43411
51390
18327
18268
46412
8717
5540
39313
639
37450
10991
41243
41484
19225
22875
4377
55086
57168
17606
33173
32106
57906
10676
35661
32970
13604
37387
8925
30753
5494
35995
50515
56883
54321
45135
43295
3038
27026
58959
40028
4475
9950
57623
45958
5526
56849
26687
611
30369
20644
10135
38826
18550
20811
14486
27871
10766
51873
36796
41518
33718
12790
8385
30600
43463
53519
13894
22852
20544
49205
2879
1371
35506
36853
23680
41031
33702
50366
17994
40422
11010
28128
19247
5911
25290
33732
33781
36056
1956
46928
17573
35673
59718
25957
42625
43180
55827
32870
42383
16371
22074
45261
17741
57579
58466
41420
14962
8519
8138
32955
48940
55499
37434
8186
37761
2724
18269
47893
38779
56577
34821
32703
8601
10890
35012
51225
30421
30838
24095
12803
23560
46168
34415
17652
20099
32880
59072
35060
17750
43561
44366
6689
15411
21799
51226
29523
874
9495
17415
16004
42423
28587
48707
51023
39476
70
42248
46248
30907
6342
35402
30819
28861
9817
48470
25311
19048
23893
36722
36798
43805
57439
19838
59215
55590
11064
28737
56463
56910
22504
12467
39332
27442
37525
30354
43270
37594
48953
29517
44852
55294
4919
15670
507
51087
4140
2169
10134
28032
38891
23283
48189
36329
43121
47403
8270
54184
52492
4733
27445
51347
53551
6776
18788
31075
37129
2057
8668
26082
31574
53519
57727
12844
45541
34585
3930
49680
13106
14063
54063
51996
13698
42251
4676
56818
6006
12946
27353
58497
54030
54797
26195
47580
37924
44982
18654
15052
47039
3673
17485
54964
33543
51564
7807
19083
2500
48088
45114
15605
38502
39177
43952
52199
57779
48628
25368
40136
37925
52720
14984
8306
23868
41178
55885
1791
26160
50890
53195
49550
54562
47031
44513
28104
38594
28671
47187
41094
53110
32300
33050
31611
47828
17002
23810
21959
41981
49177
2094
19905
18249
17078
28210
42116
58255
446
20259
766
51335
13453
50315
45896
483
11179
50351
15429
16201
37537
32874
9310
46189
5923
17273
10368
22924
41082
8678
4904
6610
10772
1160
1210
27849
5721
19678
2455
6166
39936
3221
33852
29740
29887
19747
30222
41066
46450
22002
33618
338
54875
19280
46526
798
36552
33246
73
53985
41923
4977
36946
29046
42488
38156
33246
48209
34185
35701
30726
14120
15273
40930
20211
45159
676
26784
2576
23477
48786
36194
23815
43660
55473
46692
20809
8376
19937
20882
2360
38212
2210
39305
7257
44697
17460
40503
9257
51644
52555
16335
42115
7827
57264
2325
29337
34291
29109
31913
57768
54246
44458
21582
37905
16282
8273
58714
24657
4562
55947
3368
42773
58156
42672
26381
42852
36484
43235
28461
4479
12141
44795
22946
19967
42058
25270
25656
52700
30730
33920
50467
24975
54729
12048
39232
11010
56673
14297
12018
1234
10243
15385
20358
8398
34408
46738
27601
10891
29973
32413
15370
18465
17207
38315
38432
35616
39936
40439
28316
47018
14358
55134
48344
9086
7182
3927
56447
40206
18223
8464
41439
4817
200
1796
49566
34607
48533
17167
45498
54857
49579
37219
13322
43138
51885
28105
55105
8172
44895
23420
31541
59252
18554
56237
8337
2087
163
4783
42292
54738
49598
82
59554
26149
1877
49120
755
26761
42638
22604
57970
32216
36174
47643
51705
28058
15747
46810
12582
641
46581
44122
36244
41486
40358
20932
43572
16873
2066
2215
11610
51663
2296
11163
17811
40524
282
54917
7285
19271
53873
5254
27839
30046
29248
19543
34456
44994
6352
23389
21986
29285
7510
34581
10770
24220
55512
30694
41092
57577
9260
29053
25591
47908
40215
19753
28431
16849
14669
12067
36119
44893
53672
40309
14939
22919
59852
25746
44264
42555
49134
42601
11839
32995
17181
22609
57214
12692
29654
14657
10268
38913
20061
12210
26820
276
31962
55251
53476
22983
43669
5946
7875
37341
46255
59165
259
22458
24910
44523
5012
14043
27123
53203
47038
20656
52163
20603
33347
21816
11612
19967
728
31672
32176
3900
8299
40490
35502
38126
3472
19170
44072
47698
56510
6678
46863
33121
29135
11772
53995
34146
25815
21117
3700
49204
18124
55862
46158
51471
17677
57769
47789
54757
5793
19964
35008
14091
36805
10509
52217
40276
29678
12640
4326
2540
19317
51188
35660
24803
2959
29654
58948
5125
27122
39000
30680
45246
34861
16838
13068
28890
50958
856
23646
56750
57171
58653
47193
33976
45513
15761
50603
15190
28400
54928
54081
24068
22467
29740
48870
1778
35745
24169
6902
2867
3168
13934
24464
38029
30771
37531
43270
58080
14738
43267
54830
48260
18271
18374
58587
3783
34134
49190
55324
38885
20469
49405
2952
42936
19144
28173
21065
31241
28693
27966
34107
31861
18251
34922
46241
25373
48804
29510
23453
3541
12776
54634
51800
31046
13007
50387
11180
47140
15928
6503
26024
12748
55907
5327
32035
51403
33499
53099
22643
2191
57417
33101
10403
15667
8022
32995
41040
56825
2504
4492
36717
51631
35477
4868
59028
48483
31606
10207
35622
23885
16710
37997
36633
48968
43323
45019
40370
53173
38118
39364
31715
11886
12464
42118
27552
20485
15112
44943
53661
53968
25786
6729
21950
1262
11597
20978
49744
19554
7536
1717
43439
597
39713
56423
49565
59387
17793
6286
52559
32262
45650
24274
44147
58113
42743
48051
54950
57854
9345
24962
28173
11483
31691
50123
12744
19639
11100
38840
39192
54987
40556
58982
55584
56621
31756
45148
56007
25901
27785
48566
58162
13434
49191
42309
47899
31933
6711
42848
6138
16055
44161
34311
27537
15851
785
16633
35489
48236
55472
51033
43222
12379
26366
38805
45351
34474
304
41358
374
4441
6275
58535
17874
31817
17195
42124
3749
23905
1323
46238
16312
45484
56900
43848
1334
57684
36832
13175
22271
8655
40559
5493
21034
6924
20649
42736
41397
57305
445
18122
1745
6719
16657
55970
14887
33851
38094
54987
34108
15768
41225
50419
1251
38124
10618
38937
12160
47450
28463
10782
56104
9021
16274
53489
52296
13275
36225
10045
10579
36669
28166
48675
19740
21174
44644
34626
55025
59089
29613
5484
14857
47189
55902
52459
1664
6519
7747
50175
30320
36209
957
26424
45229
53582
19912
13877
6856
32488
23921
53786
45509
28438
42460
41600
49612
3456
52577
44636
38896
58541
26471
30104
45729
22372
22563
23745
5242
30309
13919
35562
42870
14875
38337
4450
44809
34600
18326
51664
7088
18598
21802
28948
47036
4261
10547
36647
44068
3123
57634
22964
1664
24104
53067
23744
46475
51981
47488
28068
58642
37759
39981
41511
52633
18317
45960
13793
52917
40638
5457
36356
59235
27258
5303
46270
7870
52201
59268
51938
55323
56901
51253
33338
21004
20671
57082
43830
12652
20921
11898
11293
58679
51878
29155
27664
46547
51466
41456
39463
32103
46912
52170
7690
50521
57472
30311
34743
49672
29579
3032
21346
26479
54284
31036
47483
14954
4469
7664
3957
25389
55913
15249
24068
24143
44403
51731
10689
12221
33186
50151
44323
56450
42320
52012
23322
16143
22323
34416
42166
51901
37447
39863
54731
8082
10898
18565
23036
15366
26229
3344
40755
22141
18593
41174
46283
39347
9256
33323
51567
18793
23473
12242
51594
42144
40605
14916
34638
39279
49331
53155
7531
3130
33018
2262
11211
43915
20826
10598
35633
23406
13942
52739
45547
8886
33912
8181
24584
19519
41504
52503
38311
41328
4744
29905
59824
45348
21172
34461
979
46854
3968
8509
49983
36985
10770
1194
57251
7948
48143
9235
31353
2084
1973
16899
10969
12236
1432
35553
31754
19287
28055
10065
614
9150
16321
36789
30849
37492
47602
31827
24345
51569
40336
50680
28553
27457
51873
2155
35404
40015
11390
6757
18451
13362
7
29419
1950
1438
41323
33703
57076
45729
20119
34042
54878
36439
10830
25727
50282
34783
33905
50979
26351
14240
41658
31255
41697
9882
9762
17100
49896
21151
23856
44698
10864
215
50469
12813
38004
31791
22868
35080
17520
19338
9121
48749
32129
56302
50827
22410
31085
24732
13388
33787
38971
55045
5042
57019
4926
14803
50471
31174
12305
50678
52223
23168
50892
42691
12333
28896
14482
11552
3975
8353
30889
49447
57101
3017
45748
24280
1779
53184
49011
51518
26971
4333
22915
32012
1352
4192
23166
51822
35365
11822
42499
27588
34989
9743
10278
23673
38638
1111
35224
18964
45815
42465
44762
42916
21833
30509
7195
23611
23693
32557
51481
27015
36889
14395
35378
38240
18586
58543
6413
30303
10364
25264
34242
21704
35006
44519
45377
49995
21982
56952
8958
7796
15768
53719
27063
37601
579
10609
37563
623
43165
29043
27637
56406
43437
3014
10997
38375
37908
17410
8677
24623
19025
42918
46327
54030
3788
8055
44024
25769
41358
29333
9917
57126
59403
36979
34726
36333
23940
48640
36956
43456
17683
40944
39861
37471
43958
50858
15845
58217
44619
24521
22840
3643
43790
45518
34024
47578
29924
54399
49698
11281
23731
59614
44758
59485
12945
55835
35817
13236
44475
49124
56691
38509
30068
12904
15979
50377
3761
8176
48593
24731
9048
47784
28373
52838
33301
2396
40415
39576
56794
30112
27209
56876
6078
11966
32712
19022
7801
8528
8609
28627
57652
5299
7135
4071
18202
59465
54447
58314
43992
19391
23044
53040
7175
27768
45877
16827
30163
2643
56403
3308
9106
23611
36535
51535
11928
9246
46908
19728
54126
55516
24706
28129
815
8192
32199
55368
7657
2997
53682
51648
22387
16725
21039
29561
20845
43267
22740
27359
45909
55494
7019
31367
19104
43553
22901
7383
29151
9809
3463
59628
5324
28168
27756
42490
36360
36306
37858
20368
39302
7891
48367
1688
24615
9406
7601
21811
52672
30340
49170
14933
25833
56188
22651
21288
39740
21903
28670
45242
31711
32132
44869
13387
36652
48976
32228
13011
25281
10085
33378
4582
17975
58096
6270
18942
7501
13870
40752
36525
20561
29921
27809
22745
2460
26811
44032
18552
48713
49053
3793
56776
57537
25014
10162
34188
13989
42389
23550
39270
28826
33279
20203
23152
31374
26472
18445
15227
16693
59197
28103
37253
5469
55911
36349
44281
22721
56732
2832
47785
45785
42976
44560
19673
7989
31073
30212
58330
13462
30113
37599
18639
3391
34153
41790
11116
625
36587
26342
53669
35783
54444
30922
17603
26706
43622
1883
25778
40354
41066
13563
26138
24042
58122
22162
32030
29195
52373
30359
19008
22485
44309
13998
2227
18462
32139
13342
55438
8725
16036
49106
20859
46831
56379
38462
13537
40001
16696
15666
20354
57762
29228
22843
21803
3702
21356
30184
9248
50080
36895
4607
48916
57555
18604
51142
52368
27094
40835
47805
35819
56870
13263
56677
43701
45993
11490
33589
2345
4538
49254
22698
38651
54834
21892
36805
58535
43247
6988
44134
33326
20234
48740
58593
17789
43695
49734
10156
10788
30569
34313
46606
3790
47575
19635
23842
9919
31124
57430
12264
12013
46684
11313
50663
17869
33205
27467
16403
52803
10807
36888
2481
31040
25627
1073
48828
9321
27159
35336
56460
34079
9648
43066
14220
33574
39052
38062
43492
46527
35491
32107
58540
58526
43420
49202
16394
52976
53021
9148
22130
3827
46035
962
34866
48013
2035
46
33685
5545
11733
30145
15975
21380
49562
30194
31305
28613
8255
51148
15139
20098
23255
13678
18623
43026
39232
11369
36001
32252
56868
34482
36078
42903
35444
47295
7267
13830
47340
40952
19374
59072
11096
35348
56803
657
5541
4459
29269
50148
55607
44407
10245
55213
34437
5219
14590
13668
52939
26942
45919
49807
1423
58348
9061
36866
45642
16327
50695
9334
57278
46420
8405
8373
21767
41560
45381
3660
46018
14649
53807
17976
35408
40403
49540
46196
45621
40481
59863
14912
7422
22133
4718
8845
20480
13778
22062
6121
30104
12757
15454
27382
59176
211
12106
57295
18122
57487
954
40491
48487
31112
34819
23894
47866
24358
10089
33486
41191
46303
48397
48612
8435
29466
33808
5266
43243
55870
47739
13347
44978
3192
17080
20505
39754
29185
17799
57875
26671
55104
14718
15158
2567
49536
15403
50432
50245
1844
270
31435
48146
25018
20047
32933
54484
30206
14550
37726
26075
2288
27424
47404
41832
20855
7909
21585
50040
2059
55812
53062
33515
10529
8219
36081
36416
59974
2865
26660
1817
3134
58095
26314
4503
54493
35598
58986
1050
50148
13064
3477
52435
16839
50880
34266
37694
35140
32203
27733
13551
28014
20794
47065
14894
5365
59497
51309
5338
38713
54320
43506
41846
52414
9819
46349
23258
21769
21686
24308
11916
34749
27784
40702
51588
55015
14968
29281
30155
23522
33365
43705
27887
30510
7121
42780
35874
42969
10440
17563
21682
4759
1068
3527
33525
47239
26227
56782
9007
24265
57441
57274
59013
1576
37975
26952
56591
29294
32584
26745
52815
42300
46801
20701
12810
53921
39832
48683
13241
26623
42598
34922
31382
43665
38449
4906
7255
41027
38039
52613
5291
35480
49886
40656
13407
4213
43959
9997
9858
52895
13093
2673
35194
59893
59725
48003
30165
15909
13038
43406
42531
31987
18327
50264
15651
33127
31521
59258
50506
9560
51870
32148
21391
18108
12803
34797
22320
33114
21146
32177
26008
34238
11201
1201
34131
47278
25556
40647
39538
14945
404
22068
46931
18731
12332
38933
28209
20204
38190
18714
29763
6412
27214
27505
871
40016
38654
23190
49481
59799
31718
15488
34036
19271
53041
44518
6548
54948
25165
46085
9892
25568
44504
33174
20650
33187
12106
25211
53391
26648
43924
59505
33059
11137
3362
10281
27505
42015
33470
53337
18165
41539
8825
28552
37161
38217
13070
20060
33164
14586
6144
19407
16505
27000
52580
13507
36538
41037
38717
29928
7684
58992
5785
17094
46481
9146
27374
50337
27512
37195
43673
22028
18734
28849
50579
32246
7065
3648
52306
16580
54585
58449
12338
11090
1800
4917
24596
38338
45954
39664
44617
29989
38655
26753
47083
25135
12250
50808
15471
39761
28003
35496
38140
23088
4344
28719
55333
47761
8718
47638
40692
3303
22439
53030
50744
24238
34298
51691
38927
56603
7706
59896
26592
46360
26648
50026
47847
38898
40833
39669
55010
45187
15164
33150
8274
19508
38220
3607
43620
46937
27596
24311
26591
50034
53692
53686
50624
27990
21728
5902
944
29433
5797
3887
15793
32445
53912
39991
47694
11097
19659
42703
56283
34823
52204
40909
30682
30423
20867
14301
53712
48462
14963
56654
14848
8655
26692
5471
12996
48419
47724
13939
17852
53521
54178
9996
2317
24441
49986
26362
35537
9644
9064
8172
20818
37620
25432
51499
44394
46298
5799
14457
34759
57114
11111
25958
5768
14154
31428
55115
2572
55504
45405
56775
49024
39582
6770
27692
4023
33107
54053
15911
19103
39468
434
39920
53439
25865
31419
37833
12162
13569
28641
23273
10682
16103
49230
52801
30256
57010
47915
32828
52513
33320
29602
17888
12901
12724
21931
53275
45830
15983
45538
41284
31802
45971
21204
25241
48188
52622
39425
349
6190
8065
59973
53224
24168
49203
46024
54423
22564
33939
3602
51428
7258
9556
9315
56510
22279
7597
26137
44460
23579
11674
25744
31732
33996
23299
33324
22183
15920
12748
22532
58461
57165
58856
51684
57684
48058
37708
28458
46973
47998
32060
38400
55255
17967
24066
28116
16597
31662
30604
37408
31592
42277
3151
3324
16273
2801
36647
38455
18720
25747
37338
17181
22911
36194
45216
56946
603
22923
25403
23928
47272
57462
2327
18878
15428
26393
46994
8376
58054
17597
45784
5998
36226
25286
9321
28850
28087
22319
43656
46806
48065
20994
40338
47327
33539
1906
44272
10493
24828
9675
34420
12100
43488
36747
30977
35268
39491
54322
43643
13896
48271
29426
19893
848
54712
5565
29697
59150
27884
13352
45955
52300
10697
2645
15979
44235
4550
36602
31080
5729
22628
5499
54180
6116
18597
1509
17735
34439
32182
37729
24687
20452
43507
44579
21299
14570
26496
27347
13719
30731
40699
36025
59382
51395
38669
15360
11982
19570
51962
43061
25299
14589
24911
19478
57056
43508
57338
51142
54298
29520
5223
18984
49971
48729
39915
47622
39650
6410
14968
53368
37140
32018
5744
12873
23413
44413
28233
11746
3982
56546
31158
5632
11134
56068
25110
44542
15927
22447
12035
10225
28318
17257
5560
18289
42337
45474
42262
21986
51883
57229
51705
5374
5599
57449
18247
5363
18213
22831
17108
58546
19376
24617
4178
6861
20684
5639
27754
12963
4437
39789
59539
32755
33397
5098
27395
15734
26924
9656
37719
18806
43236
5776
532
48834
39576
55130
54196
57788
54312
47655
56333
13687
12271
36862
56899
9307
42500
24653
22269
46937
40793
58159
56043
14189
3256
23437
29922
6531
9444
43993
25337
52679
26120
2220
17865
5695
33701
48412
3482
28012
12419
36166
18050
1041
13028
51300
10347
31879
15952
8967
18815
33096
7125
51209
47285
46733
14645
53558
53263
440
13902
54951
53119
40021
33522
47335
45715
43574
12098
25548
47937
24516
1714
5986
25557
51093
57286
12255
22971
49589
21222
41786
22685
4698
9346
46321
27782
343
39878
21045
782
53780
52347
30252
10152
2221
17586
55867
45794
29684
21414
33731
30551
59479
16068
56107
50571
49705
8362
13542
39294
5935
31679
38330
10632
41024
24650
38414
41366
40879
35810
18500
11010
4508
48751
21162
6728
42689
53380
28874
48724
51145
38956
19274
50624
55023
51733
41194
44728
36446
31087
373
42380
2765
38702
29363
20141
39703
44128
37858
56933
56289
56357
7943
797
45108
5456
43876
27796
58835
49101
52871
49979
28056
12144
16954
59431
3876
34500
44158
16673
5586
20882
59052
44703
59583
4767
4843
15637
48894
42700
12569
21535
39057
20511
58683
516
2318
42558
4663
1152
8011
57533
27483
12418
9676
44436
11848
49904
55287
32357
42928
873
53238
18332
21927
29172
23098
26769
44808
48343
45820
57377
9877
1228
54239
8559
38095
56557
27469
42757
34060
35479
16641
37894
24248
2669
22330
36096
52572
53968
44804
11851
31192
14394
30182
53118
43565
53279
56238
4725
17974
42058
2101
27850
19637
32691
12761
57732
5599
40229
16840
39659
52059
33481
17552
52658
36149
16233
28753
5072
10201
49909
16922
17744
4302
47104
10862
24218
16734
7099
28942
34707
25508
7394
38909
21497
40085
28021
19228
45683
8249
12419
1693
36659
45899
55597
29316
22047
11829
34421
3470
58381
681
20392
16125
4982
43847
3338
29199
36932
46788
58141
47991
12296
5534
26899
10144
21970
54919
29371
7653
39519
18141
45697
52529
4040
41293
58196
2438
29474
8968
5908
4206
9648
2651
56682
14629
22849
19
20180
59780
46807
18320
47770
35454
205
51020
45597
22175
45938
51319
6179
1808
9459
28227
30688
49850
9520
28884
52288
15345
37851
34547
19550
23851
13549
16232
38479
36397
16250
35010
12528
39408
53329
298
14861
29886
51317
457
28412
13607
28127
10942
51766
37586
39168
22454
27435
25039
27689
56074
40383
41891
6972
59933
5741
56872
52516
20572
9620
8765
55581
22148
24525
25262
22445
39385
55147
50113
16194
59910
3719
44320
10851
55485
58257
50018
54290
2044
51409
21978
58117
31791
3868
41441
8075
45961
38312
590
6532
47932
45707
2112
10079
10231
27373
8875
25967
58871
58987
42160
58780
39058
2832
9630
10894
1088
36000
5183
3131
3760
3512
37600
35550
43731
19040
19977
29691
33703
20566
36222
21634
42624
14686
8064
52854
42058
16938
18821
17281
52277
37332
16060
31334
16515
2042
42227
17603
14393
47409
57085
18152
27272
34684
30053
11002
30075
50029
40693
3778
46947
53266
1763
29570
44303
46179
58776
2713
3116
53948
19993
31744
31279
12404
3077
47794
50797
45303
41748
5189
9063
15184
59692
36334
49868
29745
23688
56294
56125
40732
36423
43071
10349
14538
12641
54652
716
47768
57364
40183
41715
17356
11927
49345
6111
15003
13490
56908
36658
31589
2096
22072
46773
1788
34758
12992
7884
58445
9285
4008
39176
22060
47079
49524
36597
36071
44175
37312
190
17890
53846
41904
35245
5772
7600
41356
57127
21090
38263
10136
52678
16710
32207
39450
54849
6964
52441
39084
41760
38078
43092
20935
137
6522
46811
13085
18944
7337
50396
19133
25227
20593
37388
36823
2717
44987
54530
59843
42428
9144
46330
11458
25854
18536
50907
57054
1852
19700
36138
43611
57777
55581
40898
34265
38454
4060
47349
57397
11396
14096
52881
36622
34688
6620
49797
37404
27958
44326
13598
10386
53470
59927
21843
19323
54815
49101
52728
33018
45152
5217
52980
19280
797
10229
53544
39250
14288
17244
12998
2036
31339
42230
38657
42379
48849
4805
56134
16807
49131
9732
3544
42600
46010
1738
38274
40824
27190
31001
50193
12342
36218
43173
7973
13366
53401
1517
28968
44041
55112
41965
46076
2803
24195
1084
45181
49395
5889
41314
6201
55019
27397
46096
37618
13407
24185
52243
30582
51375
59595
57127
40068
35812
40299
48040
25530
10051
25908
54497
54091
57372
36461
40166
174
37007
41250
45354
26402
47138
3019
8954
18508
6768
55050
56125
20174
55586
24719
27107
46960
24313
24233
3379
36477
40883
27771
2006
50934
30030
56502
21376
27401
9314
1542
27574
46321
19143
49279
12722
6280
52298
58027
24787
59065
53076
57263
55590
48662
21981
59048
11973
46293
59633
51704
59121
40515
19474
1126
7800
49503
33979
29176
53256
43293
7069
20829
5965
26211
10108
18686
8842
38757
16712
9980
14173
46140
7242
46114
11153
5574
45161
59477
28218
21145
51180
27339
38012
10653
4816
45811
36508
38795
51338
29763
22087
58406
26943
28051
24616
13402
23088
33457
28510
16151
43436
42682
38642
27029
5147
49794
8954
26660
49271
37172
47804
16802
40862
25815
3807
45677
47978
40314
24471
39315
46428
22909
37721
49722
50959
38688
3124
50398
48497
31633
6549
8284
50667
45190
11665
55813
11336
20618
22472
36958
34141
46628
53759
15002
12442
57565
37031
36771
14230
1501
16086
37009
24410
30158
26731
51720
8845
29854
42118
33693
37838
48666
41977
28504
10207
53641
669
21542
14258
59492
58499
24751
46119
28610
39752
34913
26174
16782
48035
16756
54635
4120
53764
55396
34277
56846
47115
19474
3051
5584
53166
40889
30601
11494
45744
40808
5134
22764
38701
55744
22256
37200
20494
44726
42161
36597
55990
44686
29731
44025
1441
24365
48144
31557
56112
58773
28402
19578
18246
31453
25162
47763
12341
55762
59257
34436
12921
40742
57200
51622
36485
55807
5173
33330
40532
47333
9927
36522
32018
16009
56898
33459
16725
21393
5015
12836
20165
9768
32413
14762
41220
33926
2525
29912
29688
38133
4348
42608
55226
37899
10581
31711
33705
15753
41392
50588
3085
27670
3461
35103
43678
358
44913
402
21751
26279
49589
41915
36046
22002
33029
53618
32279
11905
23529
38318
50037
4228
20926
45262
42126
31506
53324
52182
23611
11068
42770
26695
38737
46230
38149
58767
46588
59413
59168
8338
25691
48757
26604
38089
47110
35984
31706
55740
47888
55234
34058
14276
59462
31335
35890
17939
39192
5565
10121
2802
16632
52890
29497
31721
15471
43997
30487
2058
43410
29654
46747
45452
54762
49703
23540
18223
25686
55245
13963
13574
26831
48020
4201
2644
19354
40090
20582
34897
45655
7054
37699
2286
36295
43547
10358
51766
27543
40844
53823
47304
46850
16922
32756
41611
6624
56295
36186
8661
27892
50148
58586
54722
14519
2787
57365
10224
42876
17946
45120
28530
1352
59170
7168
37646
42716
17525
29411
10259
34721
59586
57562
21570
16507
6669
39532
59482
2964
15717
8142
30855
42216
43080
1928
33086
45866
59292
43309
28741
53589
4781
33623
54940
3950
17142
32586
46666
11018
38348
33276
45738
37933
7189
7307
30791
50210
46839
6624
53173
2555
51118
379
21123
34197
2306
54208
20062
37949
13869
25154
31537
55001
58776
2829
58950
15917
636607664
884064288
36002246
991556012
154828677
210241889
448151062
549681896
359317
452953225
587939628
421630753
579200540
89155753
38995236
931251779
55664604
856299871
290994630
90957824
76163466
452378580
474022004
265506785
3222153
435063450
229128790
726523587
875753190
384598493
671136421
364877205
121179132
707138666
208949568
276007808
917380555
657100629
825689703
917739871
962570205
413629330
191886975
394287096
355301434
83398562
178055227
410966037
939698432
469049856
354440212
868378249
921428435
828462215
133885034
777166940
116042016
215530175
356206878
991795205
600128667
879859650
209188761
721307798
439514667
418138328
997315605
209411573
75238956
823005307
127151444
890325512
89150988
171554770
284612607
444452421
254953332
462667833
855418457
47168115
784234040
62375020
915546364
558178827
890837234
901947749
187862118
859395601
117477923
544068995
703707157
570122941
276444996
912895917
291430738
715959662
331034244
141262694
925371235
258789551
964268000
905039030
1631414
905935339
76593799
286244020
202904111
184063482
601428205
58322567
83747949
385662244
120697586
999294312
943841070
864051171
753758412
131703187
575963123
723752686
528288533
279670279
146391978
804733528
45082547
437822715
373209542
376116790
579085408
298580776
487422692
395869759
56136157
489054105
154321449
132729955
775298124
357225559
169309789
229242680
268064477
253057737
614904924
241278414
104868400
411262345
105329584
711143163
395481884
533809058
287412200
776286768
813479336
433804177
433536648
858561882
871626891
806746189
87195023
303228650
105326964
574617714
551614760
13979472
63671818
705936208
146709426
691486293
63161766
168535566
920728973
331226242
274109654
388150248
572504655
378978053
651928944
530350590
90121215
47410827
64159647
230049766
676213947
730155334
663853942
109750594
441233567
387997184
916496782
380944941
691225833
874340097
955562654
95356944
888319568
871750823
801293151
887545345
415753467
864454916
908597263
188998791
48197509
182706916
429665390
473218515
414201321
81594334
3569104
356838887
981521512
920245102
586888653
657735458
502916787
250742594
620002403
796666705
638739778
389015536
177611645
182481962
115871984
985690650
277838906
4191551
709957824
79132056
744253248
125711291
796103324
505366862
167226433
696817184
688073777
596891823
170035699
102275097
531002508
26121154
311630336
512524019
798882608
898518988
22775829
154315746
1777933
642778231
950982451
640517710
31793767
128594095
675516024
182102
966801097
953354929
4373653
676758920
885003336
601143252
654986562
533623011
106510113
674729347
82956547
647100241
124137521
252992245
601891690
655140028
131629750
913522025
20180398
930512357
664557364
42956226
84828103
666335296
538250809
35810553
159369358
422560927
16920999
834885381
422743028
836238447
640756661
279633032
365513719
378276348
880776283
20500280
911899359
839802747
547745978
994855905
339419340
671883498
100364501
793827381
327023525
231994250
559865757
347203923
15022959
224423120
242676500
99851061
890758415
780927308
988177965
50127772
203488234
857615315
737529504
626231262
693853762
378286164
905864293
59367480
756562512
639156928
932384111
520978222
331476026
332646441
368350478
523411717
4529938
321231330
317239097
184069815
553225579
877104853
531273737
568248537
954044324
773950236
520615949
697319091
407393896
508793913
599963214
610882129
218925580
337492718
89629742
912779341
568295233
848010387
824663172
177374096
339683666
609563634
698352317
671159691
942210074
919219146
47087760
799256364
240450475
364326856
983326178
646192406
93948061
367116266
66957294
47992384
141066501
587573243
597827826
400976748
96367155
197791040
11858877
167809086
387800109
954004970
80588426
956095341
802015356
757767949
133469437
141699021
219847935
684338105
665375064
14574360
603557251
712462823
813830723
696524077
929306030
649673252
342716482
23254090
16789517
409673776
923762826
10372370
997247018
374107003
411349117
946130524
571898042
275724345
113939610
959698150
82245667
47044387
768309843
884261022
657328688
901779279
878476395
729692974
438633735
396367810
744267333
42190985
961346984
410614408
591231414
890653013
60287659
933947895
766423455
929593528
196138022
542702632
939965897
45901391
916809634
203831365
844548267
341224028
332072062
811004228
153438529
414317728
710564966
921748371
151095101
220410005
676044001
29571495
950102978
114677736
278455656
546886663
9385072
92318991
957501070
453132837
982972004
870305080
239597084
601911810
652414959
435735105
997130793
444897207
334152848
766456778
648728572
178701114
107680805
980800633
989705341
113635686
247634712
552786658
887900408
398729812
773196663
416460761
280817659
723299640
383654848
559273314
122702654
245556271
651592305
80203723
698689108
487080660
803025155
938286191
941508821
307956465
226537647
938639613
752853672
560690494
557612742
254098595
739391607
517809899
87415579
581613299
631445584
335050290
134399957
371862343
733780101
760112971
788323103
14597759
335928962
171977950
426387425
458631616
417534221
77979729
391351690
116223328
417576740
46893196
907025870
211601912
354849661
133563516
2757876
107703332
694254010
560370617
361801926
286161968
78180515
449217504
720291619
562142450
784267793
707207927
934004793
370564245
467320897
722327895
385162004
803249858
746822197
811549428
114397825
16872769
742045508
505749515
133096096
12138599
552642710
892638317
223740510
907492370
26201832
226498385
15195701
572972193
786869001
229513978
711650513
717565868
531247833
431942131
279708317
168031977
139150057
66229461
538596222
458987305
788557356
923758225
114753514
387895904
587824004
229151339
404768672
182385863
734900853
390381119
47040813
140059914
283019435
270781322
47552284
161737618
349796058
915264336
587226163
136665058
144778314
298876675
706747277
528542498
583335157
986455594
696574475
575001565
52685054
235170696
33988869
693758761
11445272
1258734
81654664
451785627
82926424
338939687
634171489
817827276
729320805
681212301
957887190
12340239
804509974
857955825
26594209
154306031
773220160
613820371
143487440
770514825
765213397
850234717
151573675
348548553
689206662
848148149
923550117
594408067
83318844
810055337
140683180
947280467
663830422
74854195
399066093
746756846
413793882
885753933
417100473
143114686
419482585
227504014
7971277
223992558
85459838
887081837
230814940
711196350
353418559
374302379
334227526
118631955
77053447
485801200
319696859
618776460
333949348
95763327
65700879
269784543
905818663
206384058
69581361
422165436
133754604
468647453
168922281
547548485
206917737
586022754
543179523
626400321
813526767
403667151
850392878
751502957
143265339
81207817
462699306
496683897
308026548
796926831
615315851
237596346
135244383
935012709
856372806
469193730
30776035
922073684
591494625
789111049
128457741
661075985
63792836
114728696
129723438
232715117
662277181
189157526
671254222
57973055
815557847
337297340
314156557
518467076
88800296
457421895
452191245
404015953
954105791
760217792
53459136
421937993
997814137
188703518
209467053
706703294
657897247
92759439
628776977
101908223
881870487
609751069
762984208
945663322
724479765
745223997
30894790
239273297
934381522
702149011
149762703
749939368
39446351
463919259
120922796
980762998
921341153
573114040
384778951
875446943
185848183
438238086
149901287
36178671
626941603
359368339
742881965
137355201
452127777
224175293
239263424
186514615
833926362
2247631
132177936
410922478
599987979
15589078
502712126
534369500
570254440
652474828
136825220
462217142
116394086
257748015
442980140
37735238
830862054
680275442
765698532
16710236
118513527
915599818
52888906
597971481
127484508
648287222
587843033
579612284
872462515
827106456
766126898
558905228
681870438
750821185
969827705
134374768
766410262
325056182
668744268
189181054
977531009
658085839
651398195
93925094
915833853
94378334
984176683
599212258
627170127
602391566
468438845
598200005
370507735
373844102
48687837
497992242
22131324
636530870
77604525
747110190
316153677
696247774
306015417
998024115
447068958
128359473
132398882
65995572
453415654
653659501
255176625
283463014
164261691
906574819
229904459
80095543
853469505
66597493
531824152
333155983
668989058
852779348
931355988
892013144
79139802
980043824
242521737
101271125
616574693
172642613
700897666
932728370
868890386
6913082
783268836
168475695
987788906
768184069
234471266
293720911
274359922
342164242
577183924
438621612
101255413
807088382
371233507
954724917
873685874
755574010
140397251
395191283
608353358
71753238
287204426
687493159
51797062
529726162
641280635
520888106
702368774
194694652
306132827
423775511
54124085
941918014
592251205
41912990
562618435
826722471
335633900
836978356
21403064
912817823
128116319
122658476
572422556
351866177
77383392
446108429
107440187
70296995
841299711
568309896
142050232
981020488
108319406
46363645
363263001
749600040
419768103
65631774
944294691
725900929
341923636
998418775
520335295
934174840
892848116
82953729
613413662
80998367
772448436
634816726
993816189
900564754
757475201
418755096
104947283
687374945
864863524
212387469
757671939
558679586
780697364
899722170
392216425
889016769
798602167
755479425
491133160
218370269
673627550
287944202
796787549
15551185
138879328
317122843
949726024
31727443
252592923
415656038
112725809
25041358
50472763
959058349
778122464
807947963
230329796
883069746
347839259
95193319
95457214
105511197
506389256
728670929
857749719
898605680
470204049
656351885
506601456
813853560
727238505
180229005
101797761
524026053
48296541
93193440
693665248
998022564
977437234
946258170
266194953
942679394
971299528
316667715
754254094
601938343
977132030
984583889
485008088
324971288
932293559
432981653
282998837
291199166
14168933
140748555
42321197
336889333
649616791
548922652
150742892
376855295
729151656
105057004
753397699
777448196
50766795
447062946
627987111
28204028
245837468
894182064
970883421
69653347
63366130
577653866
671591689
40498159
562237754
9116128
217985799
347047664
442097780
500984635
638246829
308783064
494249541
680568025
645672396
143866331
229490676
796415287
373237977
811158683
753988642
126635675
441123230
804755436
426214973
69110340
832959463
672052440
815808755
656359235
741705786
731691237
86529452
413297474
624705747
648767205
422413601
842691545
995814868
717027732
196192531
486578048
25810795
690442071
167146072
671483190
686824753
249153099
320414828
60062729
60311781
74403469
39214756
501435010
731675256
465429728
423061701
417151070
137482167
91386808
73510304
879187952
823078044
12556107
145001777
300300142
661323311
419931729
142991687
509654530
136959460
191700569
996232577
15286606
734658992
15895000
686769795
421483744
265048098
859700974
334062825
177876230
786620794
373277580
679311239
518296049
838707307
954889291
935447118
976189473
46276098
861473773
707893776
721870493
874029879
705411904
22170635
387869541
125343632
17678673
750040422
114819443
61895593
598789350
130106048
796554584
614684349
816875842
70554680
732248798
529093167
404617504
910125027
315713960
777895083
441952617
686526360
469118741
396841907
474489829
297824565
295634357
188479953
5718340
870021201
62509831
563646595
744708187
302895723
688990226
614903211
52936144
803809668
676798804
504241845
933915715
325869739
118926193
603307908
248940770
703691342
132401074
653558273
613816368
300631385
283969707
55768984
987157744
753088447
305127242
314163924
50913011
453277950
502643876
909147702
323299151
417670058
325310648
68007337
720565780
14300873
535426900
626018275
670626892
64742055
130260119
457058958
390611793
101702663
912883217
639552563
657910356
897800642
145627187
124243075
50948378
282113246
32528410
38106121
35201692
337655651
204786396
938631055
790933601
707430271
700295108
966749103
125100328
25605756
887272791
698182459
892422980
422699690
176717085
415566224
487441744
159493555
725141533
730569889
113712569
638024750
222638803
771622924
388341743
368265989
895865998
439290121
650379234
928394407
329912593
538097278
118566410
534698989
329244684
909500010
242129259
882056143
728765464
219745939
760178250
616038254
917928397
505117582
891254296
94645482
920683805
231212391
254139036
498341689
961782279
367851605
136366438
184421081
139474528
377224533
405203422
887856878
816514653
55582655
816251284
146427245
446196284
934817693
681126233
627957319
696834054
775771844
510013462
278115869
995517782
122708063
894154123
913446178
627825644
637924770
860608011
401025800
869137160
114747047
899367489
830919439
335115003
888250278
867856871
327105882
265474810
273060292
67479111
81989462
181159299
883730395
80933059
479871934
671064439
614575643
107829253
220414845
390347486
470359066
498530713
238381619
593067128
245201187
4344149
220892772
883125956
864952159
621918571
604779468
832215557
373802411
288215258
19846911
262052689
156072128
346952793
380043850
281648772
414431903
314549664
462808070
150678649
395482722
942680003
674259440
10058364
903025607
894674284
252922202
373384672
245721348
491303820
966451800
343438887
495647968
39860923
79081194
213116479
514295845
683860661
45332035
888098256
972075918
65178946
2667296
128148046
264648090
382711145
262313169
679079992
697260808
725121238
682274993
92743529
520317592
356534432
955318245
275859551
103725067
60756798
649244222
201962766
404576969
468212373
545401652
900224937
360589647
624482846
113341415
874885492
308343506
11189801
762983747
132935776
76368746
765651042
113600173
193533187
878538
375913341
872613179
698139346
101034578
407404523
643399226
473868521
763938954
451233822
749728071
720180372
511990619
251488645
922143137
916567588
572217369
467544789
669308876
932807016
92027634
635166642
807692507
252887491
498872794
423192605
385823266
427757892
41359998
499423438
621291078
42238535
875336778
346420608
740377880
828887707
753825130
236293458
155272580
370280435
687527279
757517002
90460806
52034250
9005646
12603943
968601837
433739367
332665083
490427064
366546382
277209068
978110057
26755240
382612910
476982850
302464196
768436176
904740741
343824193
120375965
378548171
238579079
848229095
724968778
978956959
529633153
478793908
67766768
684905732
849074342
755294046
294939086
792051500
807328295
156461083
657171794
628446483
590200449
989836876
118873546
956746830
119562295
949499954
836018421
502175204
278999156
138482616
123127731
36256248
334823160
96020048
414804418
573402239
944249142
139773196
404875549
473882294
471083455
472642316
11304378
172674148
227936361
306243463
964725647
35264656
462704545
621897440
516227490
52904994
464250667
487617388
862168175
436329313
437117341
550702948
938504517
716116496
689185563
914148599
752372744
24008723
10168646
19693513
449927313
954417787
159466708
854802861
280816433
630550162
327445176
144637162
803224310
407897888
450880624
620466308
295678895
766101520
94880100
811906385
671522865
559130766
299523772
386207392
995460079
589157464
936910339
786480947
157790312
478612253
553145897
910163055
355137327
563314543
929856567
805064639
370248681
941839627
659867499
503581465
424906140
839829026
648218626
80646801
247726914
99099249
701113109
543405808
717717121
795993208
207828544
389239985
207640325
507352315
775447376
55616755
96509779
564874066
842097701
106816442
43486319
247759950
16979496
398623645
811074492
799352414
56204636
33839524
593708392
716072134
537420989
18614532
408417512
38155966
99261332
656144425
137255215
800374440
52066584
707488687
448883999
259895128
96728671
656524324
619763794
724692399
712141078
568789924
142082816
406755131
675606365
185569134
654515080
545102212
436709131
318105923
196970978
492913766
351945446
790679369
61502251
741882786
809293900
469919762
780038752
761071584
126064186
769810318
413962375
30647122
477299004
862846374
143058601
426544026
519370697
762822394
3752776
84028126
331612318
145835592
490783256
7218682
183921077
145298335
404837246
620630207
463404257
601808223
113543972
667866055
392487591
175046223
409748840
54297843
644965984
42303943
815369426
623546522
812114260
81848152
506709995
141929615
944694525
649768595
568473641
316581573
412590988
424742768
400609699
596719657
570578359
891392954
456454691
754499436
36691289
861291936
227645994
352611897
463100158
341189966
20477951
708104100
368752540
282743143
762401942
13718523
325047085
430287719
489781396
137161345
512135871
996491390
131607311
309346747
498776336
700080951
625928320
911367324
124823719
26538018
360603332
547918429
917930971
817058022
154934216
807138611
678349957
382580210
12266860
993966466
576286527
885261162
702070566
945039066
20520656
316988859
811273940
345567741
599792930
153571688
335245437
111928800
2579429
466852747
273791898
501355765
19450050
899720217
265239440
996790120
926258234
625842771
397224900
696705557
442900793
552159116
356360519
973767101
787255677
221143730
967733567
363542203
106404892
522320484
161097620
126925547
691825694
972371559
325009639
291618623
125943246
660255075
256063774
128522675
979624174
529855672
629878439
999074223
282092240
895117878
848380694
60866826
373477000
245605593
757572382
816377792
650281060
966449252
642661245
437536736
187592982
462911163
653595290
146514225
985231646
814692909
273439771
529573691
787064468
598449410
821192314
765524065
111220836
929772439
894046739
90845009
312144462
376441529
942435583
594236702
124075758
643332628
655103527
497552758
888938221
265192260
166446901
391735632
231641511
809108145
829272368
271750844
124535659
335384009
418265068
109767304
150076918
691704839
491857347
789657737
142670600
165566012
555181801
106407787
95338450
301744892
49769148
407482912
530702772
992204730
1719613
654778530
488053710
509339491
4847639
229508282
774531750
23810891
621243913
6173260
832919036
303032632
130440456
957454694
638416641
548705523
919738350
788493558
92926713
264112048
430667646
235597312
429678059
985849446
342005099
525016508
140110689
391774246
785015771
670813461
236495327
639251735
178108342
724549036
148591225
35472332
954057317
923122974
59283222
427817582
781812586
892202257
730850213
912253041
702173303
369266853
313474915
474428004
10276762
406401628
738540051
440944407
641998939
20734461
279310205
836520389
545750968
271937245
80810986
183283091
942750705
317306313
822534825
973375398
894371700
971126050
8847729
700945369
746765375
68130951
128762950
381094312
812849559
859613162
145863704
367539213
81396367
459338619
841967216
91673128
865740246
433023618
385133887
360255536
453758078
516960443
49292277
852025398
788897687
130103262
35308488
584164744
447409574
857843312
557540141
194297626
681485713
418904222
895242994
280767440
487035172
24005943
514378103
152401082
736135456
660241807
519940295
670048174
972096777
214423862
614237654
690353374
647447480
999371540
50608909
953721909
368848334
99901185
805747306
157746020
82520799
693572145
741910763
529930372
403931809
151967256
724227997
85417521
570871477
471987342
218701312
910423000
348509636
733079415
62824081
84645092
245837573
582764375
607209617
70450701
797188237
221447270
760804074
297152068
73335161
663929334
103390328
442183494
616346871
909137634
452445866
698867669
455226130
46872980
81314392
859157938
198840235
805542389
797091811
622228063
130046082
15793122
532651062
478555718
601388888
447991495
415717161
699742812
30755869
22926777
770193512
680460457
96890399
530997585
830128876
170225559
47443271
933519204
464925405
663790141
695173189
917371270
362657809
150399318
964244249
443972200
9557256
15600836
102030940
659165418
637828898
232077022
527474891
22996312
710632739
128863779
470987806
126349899
681122942
354260026
1793027
451316454
34720483
98683425
834830390
717365710
121425336
882273660
650884913
586350740
546063800
198574453
503722009
761237960
348973771
320482609
57726512
211047378
336083444
159757451
870212795
973912342
244350824
250204037
996908653
954983562
231584167
467896458
933849812
912707109
822156483
788159191
216539914
709393317
886842615
51370303
279275379
8267950
933643963
930160291
447135041
332224114
128734744
950857049
93462074
330224866
123856010
3704937
393788595
459939453
163462387
116517741
433851794
407813211
366721777
283276798
215313124
598305944
751173255
1679288
511013052
425846090
789838478
727552965
987755758
529197444
631439619
267031136
389981746
417599933
49707779
837116786
749824047
30958874
640490187
695802472
213700091
764346196
699507408
607488685
76802000
715486146
724006425
510653794
123299356
90728201
793930591
191128832
689034144
397620198
45324471
52563547
675982639
835162948
632632863
663738396
216876743
264072482
783285884
459374840
681672414
832993662
149007978
284012812
716468887
789498164
832331635
930168977
406360711
384355394
537657661
483162710
99841540
114180437
846332855
75657247
204908637
492779798
119302430
746459133
890399995
164626900
799022679
418898985
999789847
284171894
82637380
69182942
548244375
718439615
528557781
82433140
403949628
677565758
218962304
120418514
319580273
51293938
50587490
578457335
435649332
440761502
61620045
388007223
554941938
760469251
463664469
612366927
253249048
582966899
358826059
996165394
747593798
10365089
415064378
599899997
294536982
350218110
521599290
695297708
68657724
50157070
777730848
325123704
580239180
996693151
445542217
752335804
900503440
348646059
330793139
188669123
641923912
244929535
576676345
49382202
5398785
40340814
661749128
111164185
475824064
20575186
107329578
75934213
883456626
374910308
528350561
30509960
577644769
49949850
725807667
498818844
952623272
356054866
823942547
385378803
205264368
122001116
137714606
105767808
470647174
321024096
294436930
112571085
565953630
871113275
14469638
423868767
763970440
676218765
387549303
92310855
549310302
347395232
20761419
432766928
722305539
549111980
463276887
152466659
599061829
41600905
651285503
404201452
397655771
475228049
789580254
602920138
597229164
927294860
708687945
920392689
100835307
855641227
885480126
666788937
579270853
899949763
943174055
195757644
576168528
330723357
288068498
125478829
678118588
308829916
410762108
252940479
857941895
726555346
405407137
309520076
768156251
56692639
713721527
165812021
384437040
355818133
768732158
834182555
135629344
329936455
754575244
236464650
38094033
492571721
903253586
617364885
392521483
698943992
813122528
821206362
29667348
101191025
799201543
560302288
262537292
62480002
665759118
972995539
789035348
71166254
135031966
557191598
980375245
848753492
575519970
217328636
57087976
196768479
51511190
192717319
526704933
658602785
429181969
564798965
3690857
184951906
34680201
396212340
883895898
847802728
69935053
766079597
801510104
869136595
178898236
64047396
931616597
844657353
889559286
720651944
768339959
24591251
130359893
601231555
725861094
705879862
818560190
782949070
902648340
722587731
975666388
281869625
233706868
404848356
699184941
237397724
589800262
733865142
486126415
326212511
581667869
556061468
92292107
235694325
425198062
271190343
152258072
209331010
115847695
41817357
929982953
736704005
66408607
912859197
337935559
644786052
471255410
9012100
427735121
226420102
584116183
255917861
508289726
817823050
660766216
59991018
907737125
103082829
793856159
393863540
429295339
228040380
949925007
374103798
463734704
227639420
645294140
615992775
436970430
613658186
657810131
219469734
202878543
576735089
132328931
540814101
74037492
456100692
402342553
501772613
682520793
986458735
757690473
43326870
656798136
270973040
103317888
564535260
226572221
897174046
810915151
655867559
125214425
613356509
29971356
588949128
840995929
527781847
57458254
130482710
993956385
715268384
202468795
196834927
144519824
187314077
590165379
218557316
643414769
992507931
572846280
325935561
978966665
183053104
369262431
488281152
454026143
472580318
52816412
680598363
222270715
716247914
188982274
347485140
329604423
71469981
788950619
23116703
451768180
846408873
6115764
445724564
414193608
208584558
495075842
558713432
395898635
85241220
629787099
39313403
77749151
202633378
217765315
909232167
385686481
587027745
250029671
692228975
912124414
155362434
225343690
134395129
871610347
414325963
334396620
53731121
338312295
123347238
76847823
790080474
969756110
82963586
88321389
236466070
291548144
583397230
795179501
687446778
668638450
277482951
579276532
598903952
480116328
797041846
360652470
718319160
236585943
610682140
410548134
148710356
766044573
635891823
135621836
490171272
902734137
470018455
543902392
241046432
593365693
620750215
31126905
415638154
556230152
119448294
652104223
847778295
555361875
299800075
387741424
76516676
577283025
967017955
675420627
909915704
616576153
888589449
628234863
853162095
351787940
891299349
1872450
117832513
379707523
137494286
460520136
282441660
460029092
4422527
376004443
53394784
477689093
259647699
321549290
33919245
231612344
826169864
734213891
786974219
125969939
121955315
863490894
555769315
941489621
391427873
318201371
410582125
280017321
946436233
263744219
631805260
690251933
118133021
602154124
69959456
108143658
62674259
204917467
568172749
919613138
580921909
474083885
397302230
840569607
648149526
283737826
72181951
474319389
17951717
859156169
452805679
992423383
575163414
861091346
786429355
966591286
179292716
197011480
99124958
978245300
313272050
730930218
668497233
431405070
185600693
590973040
392065079
100791304
795890506
960237828
20404441
376812414
286838064
270223022
69898372
934987589
553960848
142080322
261823329
424428916
853752842
567145360
416852298
428916256
428236705
55798004
248023893
460045772
252809483
347148851
438291071
566081533
78079068
959304655
850002954
116196112
550277694
242068033
69503767
198684551
54822212
89908207
575496964
194176627
212647581
645395336
129164215
619124780
639992009
243503895
43553695
493744851
810649254
312922344
775177458
91402310
368720347
23201350
551448081
621529830
370350200
842255504
40127714
300945619
801560158
890130667
269658083
204354204
984715051
339161849
403038754
39537262
281586408
831052070
86230240
494233988
328963757
67910806
113358767
968955765
311414701
9428813
315216967
974580306
322351156
90394424
65982616
691071502
113595774
469947048
165117683
336462325
164718903
57761748
489924296
966279061
947892415
759582378
23149616
785123817
98744226
278704721
677177431
380330633
109756790
763407670
727080972
438720546
831318476
692956090
260192663
142733176
702384902
575409629
969829833
877252409
665804053
888328800
420840263
631916178
210792200
585957945
820894854
375511102
643719693
310819149
194306514
444128459
70401526
217456129
81768627
21662104
496160850
758946057
254509088
458433991
522353727
981590060
897154537
206188554
674546149
9863551
201438081
229447403
585273179
171267913
106699811
103593583
59596713
380056425
735509760
122905264
966014370
408920966
498416365
462250414
719740114
692722879
758895224
642657992
910179007
840663850
516836447
258856208
599609907
771345534
717290199
974479985
752935593
466961087
180668538
279998094
476824637
382106618
361961848
62097815
405890882
321178010
18207750
318003946
701234435
753717509
440909209
519765156
15154826
939325574
982015569
734894940
632048452
593427144
230069283
394743810
434090993
746905729
506116370
886217251
370767614
75922920
860697235
123703207
542884006
893882124
256217652
872224994
128505093
618179499
786839160
534395975
939357508
805046909
852399920
493108294
411280770
293309129
12873449
426435595
85151054
847405369
13846886
717199505
440832512
243916168
964459666
727439857
843338248
470576035
613657107
214105862
546498954
326870694
190325420
941899311
73269169
299059423
814124304
201774262
917238921
453479816
736170236
709112780
258526724
588570155
54737426
669807493
734395635
67610874
96243088
819546688
915016243
110089973
389262544
208365106
206522493
353722210
935804962
49860740
676814596
401978421
116482953
75829902
581365466
159324724
17729212
654634634
458384146
684369868
856408895
228139418
137849683
592579130
937252198
248892758
33665637
991989623
918700251
768061271
912116848
867459690
440124311
679649442
830066014
829386854
888014548
889104858
35625415
676335861
791481950
712440011
930830633
907964902
788269912
512196098
67289626
805999123
19347084
378190123
342885342
875755978
606329541
480735024
320851460
396098090
729627782
354517096
240604064
500844384
975094718
152720911
220820425
415219028
832370353
903402790
97122234
572901252
792507648
132747648
101753464
436505949
845187658
32584097
196987202
633457569
397296546
116793179
291973044
416643629
494983302
634858385
144915959
101312842
968109761
465767418
497410931
550253894
820284513
738014994
51098277
647895582
743252256
124435053
63114610
428138960
27837842
12753195
1040211
672861841
145500842
955310027
109367789
990688500
840410475
158871343
476662420
90223372
275664521
768635463
506867001
770647822
256010200
651782959
871960663
76636312
117550376
221887945
626890205
790351240
812419290
530504833
290763173
555671546
654939885
206394134
983810505
535294078
219147328
837367068
60672271
364648170
645193446
22556411
355336669
485603920
181427753
831999088
575827291
457092274
453150903
935210643
80256447
561677454
439509953
952217110
638313765
409576680
26621406
265203969
52444271
839040696
795708801
343207444
247228593
303165037
549601577
83555449
690975466
768748905
773438868
751647736
133397074
418632313
626720499
341250094
756752584
808148251
25765533
185096227
117756876
478916435
120306869
198013323
40593888
559816822
2746784
531424004
969393501
29368189
796627972
21837772
720925236
444853124
217561567
820670180
600534512
767163143
904225629
291509978
535912047
530180848
895674065
521825472
948813161
522394563
863075565
558082096
183059166
888841098
743178322
153332393
220273884
863485191
351345715
113384124
275818364
206608850
644808127
97728216
88493391
293952451
972082339
809418626
738805574
189643905
482605158
191856438
956807048
239347138
483366415
345235446
769527985
231556831
867060918
570857497
753951394
582652834
128939593
789526911
471493931
872117914
942859303
691767815
588119456
146721370
805151938
716454171
353330219
302476416
814182387
441823609
596428866
638781077
103758587
187750792
828424982
586363744
379607229
637748381
825710881
862973643
835500178
595238865
94530473
555077447
18612714
700998218
137730281
147552306
343041480
461740563
872186571
285900783
6024729
312822379
432622152
811176666
29276549
785952370
113653082
695975287
80292331
562598299
334756364
184050917
750349090
15697697
770414660
129956318
505962429
596125540
845446312
341462606
43880756
792493137
896540053
62493469
346007706
886786685
62562126
689049186
348527247
934748697
974949968
354551976
247571075
260088471
18244993
129363975
898557192
984414426
825339262
978849522
547012725
12611977
162900438
149878166
28309673
933315097
279834484
534272101
381956988
125280795
728251058
278354096
770290283
477307462
340847564
116297989
364094146
403409690
805347174
565137745
190674738
632813493
919689720
438245812
745418315
790451064
567609786
643975506
774865490
245465399
475341380
174394566
258077375
638241817
324272731
286387047
424073266
456623566
673175499
658546605
434420713
401426557
936900700
204710995
878734018
130264616
173525335
95344516
533674305
978872508
660482260
724349042
464202352
432688331
15111205
62137018
75655746
435237342
706112524
850521235
680702741
33970255
877432152
938780115
672212071
54221235
77683514
948801688
510844800
750859012
607348293
945265512
4801920
396765344
2492859
883535938
527029959
176018193
831396805
60704263
7407053
344395416
637569656
471609404
777083746
505197212
533746422
852739491
940434554
92375297
555777078
621137294
126345551
285725581
412433760
651073973
339946815
490117273
599875661
850791615
240976285
59740305
796057126
245778204
456505648
798549984
981830493
983535607
974568177
813227297
896756221
981975229
10139064
386842229
306100984
787222809
892039440
692363757
492478652
684990345
784739053
900772081
158643990
763600955
186497661
571077750
414674928
526444476
61195022
867066940
229752442
154687658
926807244
25809567
400465862
235829243
676875903
234812706
71881201
503960431
48040003
821153774
338452011
58179066
60512354
497069346
697918227
952551793
189433103
42913230
490058490
826688507
943685310
648702479
590289462
982699322
219780228
857480741
361660149
133491602
724547680
591412590
288179259
503871275
469738509
688645120
592216869
146614411
923457826
664098070
503091193
824014180
337768195
694059555
734709597
398280548
191128900
285144175
203348692
233078354
180573756
693407181
59766861
124259065
342109660
502572674
959474739
414406239
360053414
321134887
547897840
937117445
912547477
836077099
293505071
234802337
377238570
885721939
233933099
153212747
402336360
737024291
977226926
740104554
283600197
564452875
138385101
474729096
702113401
341733793
707807450
882687157
35140973
620090662
859462573
229766984
122663335
818937311
644173223
335233100
992588550
44587414
272350544
757652378
880664512
565855614
992454714
257903082
304093904
226387812
411115828
706430264
815928454
240859106
446534817
99528650
657828332
437436270
426774097
359941732
779170062
134581546
95145240
666827386
607188559
954607813
749110722
729851893
626061475
245800296
65084992
618650024
290387709
189951887
228818753
171052221
608323852
221273466
281471654
912417756
300177629
692587481
618848019
116106082
785962938
917899187
68151083
443791269
355335456
494925180
656249353
987021869
482023077
751394592
506365607
89211636
706002404
255476328
671579880
184580231
501276623
589181224
803230254
791664331
779133110
32049007
815232903
239973314
105838824
96704556
152391069
406016453
641808389
623755439
374638886
427771326
541654625
442789969
724078947
749506433
937715148
380328299
736528301
419738224
131722890
95410259
361466211
690241646
350886586
33046091
874821876
704679560
622227314
530568481
348860243
253876775
415133839
164093145
493850088
373489015
113314053
498757508
779505467
755122441
122512946
6660704
35410118
516683923
449450672
759489064
266190355
387165819
139817362
855235007
659420395
124056604
950645266
20886605
666814601
154048203
53932695
394152828
858727763
528676360
777237660
207588005
635069487
44887851
224197501
128919574
418376865
337511553
480193434
50398683
92633993
602706379
57059386
128044111
119390301
506510058
887533174
238097007
893675876
879866888
93332014
405612622
856439843
896493631
426499227
375770795
50541833
332948273
622439974
909269595
714140985
399677633
969373951
349210471
444565483
193571452
330646396
862942347
531083004
810839829
913341029
476233349
266062560
970400415
604277459
237969212
329426824
344326984
328582571
75619051
76710223
274430936
481231673
785666417
170924566
907730899
13953563
73982750
93195523
636393536
983252345
807336507
36071169
805142647
9063329
333153003
998714098
192226077
48611702
382313454
3065905
814469082
858546802
121644816
637385848
315340612
212130380
966812671
512183947
540712950
42431722
588894170
815143885
523663394
227076938
986068450
283910644
241030501
60051199
229622518
877424036
895819895
36959025
766011556
553478894
898538705
99164559
404709343
90764781
292612
787022796
946347038
814761693
498085949
67991853
304663893
665942912
132638584
271476563
178126859
673351533
166424636
619537380
488495417
690088029
846614317
327080218
826515024
87644817
239647769
56137542
965068853
987984015
945612918
583596760
541462908
844151622
535277670
946172251
787432755
535570281
585711398
733779792
202848326
936313699
654287996
507512218
602256610
786926580
631505132
632899820
312794464
797929768
252437199
801289881
340534148
99051516
980886450
167049172
39212684
73050570
75703065
856797888
61034585
21315982
440394648
455013844
717983955
975672317
253702446
505416709
363758950
839413844
91712852
419123627
628243894
598517200
926635844
83016855
237960131
410657327
715916675
550754594
208587094
968353873
204560826
549121242
919921740
185447276
568686765
811650776
258497845
644389829
668448663
172048781
665705810
961359662
627062625
236206116
789548331
880765070
741622825
5823632
572695265
685852028
424947258
200939158
284369227
204099453
283956013
522329357
614756779
999872687
73083951
823343873
820742911
130161128
224981466
593181003
315608403
793668230
257348130
426622600
290574410
925796792
598671380
956280219
739672806
225734004
45002686
529221136
106499074
786625510
535044767
531710690
324993890
959992024
732649848
609363116
16607828
869122212
984208825
631364606
721511250
909809127
307224830
394770512
39970254
532206295
987951514
208095009
178390876
97815995
634717608
468965285
23612787
233388987
277761855
615801944
311639343
322764541
145023079
270654768
961906402
532584197
802365457
286900291
345092572
387531656
748779759
361700399
256653867
732988583
993065004
978165116
495314061
152806186
225451980
535284314
685012480
65919845
743379322
715919708
163735840
230613281
37401344
39864978
464002268
315163199
655666921
775641610
490444091
653206351
46296377
452350492
38306899
701178185
591767135
383399470
88709841
340546893
597616220
197880059
926051827
443197575
28561527
421365887
596003760
254013506
809166552
133532592
319933350
405062226
849452299
483669189
635675506
886853642
523534166
99677773
54533192
179201086
727835734
544977282
832407436
626648462
997327774
870714334
180342999
441611260
106630155
269052839
782158152
704246374
466932897
560726330
147443949
495494423
982092216
595964060
749507928
643775119
729496651
69441278
48837344
578948949
405626818
684512850
318318943
929160984
636706974
372852134
108362069
217059060
917829416
793285857
696223873
767673541
516516542
876566871
209284800
475663049
145619709
843959303
32425774
465068958
404685632
32386074
813079732
239294199
628350134
415104012
883069317
357846784
337061641
784423013
789312085
742688458
321452214
107631027
671849441
958159187
480483160
632727862
27734598
250828927
278530070
723958471
18502467
647562963
453041693
80303618
123226011
451177754
924262920
155651785
916246711
181464903
188037858
581842794
420759101
816387991
996946805
156344770
26751127
334008445
940767782
816063211
76696903
114736347
776210589
601062695
72895533
109210100
86306908
953146483
360039027
217353329
529621305
378541493
864916292
982662997
458845111
988142302
433840750
235624382
996310438
202603812
417089285
36864648
784446606
837848385
853252638
633909762
846709506
732520116
967918207
639993639
401099678
897131461
754729985
177310266
350710507
680141870
286520366
289533767
633288352
646559392
506887095
15426008
877617236
371803386
998089004
188978698
212462040
284446106
424603080
61288829
487049917
841692364
98153476
124012874
532057100
951406114
757922636
378766606
536442581
578357194
18760244
937542259
328005006
626006581
114852524
531231864
306148450
253889241
820765630
791953153
752964984
327652725
807379160
630582220
551972462
805468163
819560917
764434501
89914268
96680348
825723330
429480537
938372711
923876805
406009762
470429811
727799270
16448749
701712768
116758203
594805942
572989363
54300461
775327299
198995943
21669336
306559163
357660744
128074929
127324792
149613896
881039912
307493868
956993055
364138483
859466330
614977570
36215752
476417182
557408189
132896099
154656863
839405077
71268810
931050020
245414839
394214972
511365641
261863587
95927739
628123843
709185881
668917101
682424303
484513179
720429396
556609991
643588693
78090139
684684919
623429837
80220387
565724830
930923704
37213441
929863313
642906385
504707362
966079064
971839919
914631903
98975162
126496781
754036979
22760323
910063152
851968169
416975294
421428793
113831756
365419384
49552635
675533988
34336485
584493290
12563518
607282232
141103280
656152211
685372370
678304550
279582047
765592756
96545731
63022102
655322549
26409043
558444839
12546262
845004458
530284757
927178164
796495972
509297889
533731495
671772646
271877393
238216015
88747940
693306185
204564122
306683675
595375171
880098109
193536511
32384812
892661627
800818742
26004443
548813837
338707464
704308992
680912235
104300219
800854723
743934336
612139119
679780117
154895526
477201733
377300927
685180282
256896248
26313250
46994523
790627742
698085895
318871915
28843757
639350186
864694451
85924230
946033861
312585973
966022339
139570371
344970785
858683965
792905465
223491579
260014153
131612928
927800571
940926387
88429498
581171645
537377074
553084969
113468113
692272600
30286701
343285391
229969233
287182948
369598640
129480107
930327042
920200887
448352021
811687150
412067424
165562823
897611379
210617636
478148796
863633717
202704359
823119580
574834033
995609823
46611158
687364537
127222750
826928080
480807275
68168599
260616076
18184349
621253567
226600541
562973300
504056619
569885931
645458884
791239567
939484571
774938991
574082960
712201809
75807363
385770109
124269232
241370186
135897839
334886868
719518981
999531556
537591226
395154912
426881940
385717400
294282421
114246477
365456501
121210501
447570103
433625099
234342928
318270803
907395018
460943468
881244102
411451636
30829399
379219338
55207554
822830321
154158328
629290513
387548481
229965690
867576973
511817712
471335875
3474812
699220931
43371207
855522719
89328508
438526118
134921010
475045907
732808539
101683838
840502407
706535391
549253941
126643858
940878318
867524743
34038875
254338138
601285197
298006862
137683888
980504534
353214416
813030560
134662861
835021280
200579040
217144902
702598253
564913103
540997129
558589416
264134034
584368335
414112134
353462541
22894453
549033143
828508448
755702991
650716981
521527206
314754733
52487273
648171063
108149402
920012015
682209937
362487539
521297211
980216799
352687778
354318096
185947566
165718337
341497308
20968845
218813728
558642210
576083449
783726831
99639338
134672864
47860864
536524024
401301349
253839756
559418476
802850844
934864555
167637818
306084176
456391761
482392550
358571448
104562823
590541952
278583462
639289112
805545842
652397025
472022262
158233620
6715120
510486179
176468308
348212428
383971375
395282036
759370989
960054824
179008866
711526678
947244039
79386081
248050701
201061740
185742188
659985529
3912583
120606743
827623346
162513110
429514855
162532248
521084557
386594029
605590551
799668018
25883140
411136392
304581394
350421753
421886363
311296514
860907931
598354671
512025293
97395658
993636706
271396281
57450481
25161923
982922958
857210871
104548003
83490010
910788962
290290190
743475538
767217896
263413284
423615236
929731005
692928138
438663835
450815561
79522167
44254385
102999931
957921658
307907128
407581324
160859763
729793491
571394189
21767693
328148161
83419481
119163350
174301218
207332113
29130182
199463140
42771422
738857405
304011142
126261432
502162718
446817683
722253321
269380614
710230967
145868556
51627970
403159104
437048742
502443531
335197622
481303126
457959813
293119280
789210254
865541136
453979042
371520096
289451677
328263086
699668256
372871157
299942788
873969473
580203270
181589321
73432612
622974691
772963077
229960105
601752474
275125795
676777787
324005795
397022760
239525105
322390702
448650729
642684209
759439444
951094259
977881830
93258921
261570423
123517461
734985526
127111559
430012854
106505621
269079587
758275940
658690228
641950743
910735079
385176052
74670364
92324399
311125015
550161407
717803828
541085119
151913880
992929622
70379258
328436026
242468733
309904362
650826728
691119461
805104922
262782523
494730072
635503104
208557795
756300494
759020564
943543321
735928404
41549770
50048941
5007990
799825709
561255521
499475085
563077139
946431572
574145448
507917889
257556587
124306854
225721716
651158057
128737086
71167689
721537314
457173111
313636421
883958028
960516190
4755882
689062949
75815064
352002305
177082404
284372859
108302798
936102968
227916179
844231202
977652737
130481471
701755543
629994797
691736991
201230627
45588287
490684915
627892427
553506175
748241501
604715632
779227891
251915909
733452717
702911931
973453223
43142180
16548352
709927602
3658369
873820585
251506902
79473433
78339241
428589306
216362643
186642038
217208625
444278821
883389591
47377713
427276643
585145134
677372509
119013634
638892112
722960795
462214900
266784538
128983321
62972752
871500170
908211211
314888660
457469238
463639494
140858234
353127769
332704197
850785835
209302490
59041133
102292737
141292274
137380373
530882042
357654916
324022410
748090666
801933736
59928353
795468378
81726730
645073486
325357238
53256715
136481949
900834384
515471614
403266487
29817704
578444365
127283008
790545267
893333025
437268597
254184760
34191258
790396366
586888956
884977093
999698855
645930088
839786181
140991128
783310460
223184574
498646043
959849221
971275239
153096130
19777573
619259968
234822859
517367410
797133557
288079574
653849359
697967940
803551187
57115845
580301995
234511904
36915204
370847261
127844928
474183800
477548372
14552537
117096517
64437327
899529629
116795371
562883766
591832161
110302850
198710577
815016734
608948892
11076150
638808324
614561373
30853722
110584643
849384232
548221132
907718199
989980157
54586842
458202490
646047695
111702686
38504485
880559598
1134241
261868097
8404525
327834392
739416469
22957062
444930909
656370147
775003042
561726279
71770265
219351555
672029129
270480841
34368288
133494372
281556990
673176612
748055745
164927064
783761254
449956328
713148195
543995805
292452836
767735036
2198294
938500530
731954073
40702778
819060128
585604665
155087227
679981004
913439056
894503695
555454417
358369964
550873841
182973811
772612595
622644105
402325365
297158075
745641298
289210004
430652446
27198287
962386615
31224542
44641702
598664221
333697221
757789896
142660025
626150056
378041283
997374670
564650586
962511707
890593800
236227065
548116371
45681026
768724420
314071779
940184720
176695189
672441742
343574912
359668999
297570688
818735369
614510715
594728762
564376666
903720718
25381208
444091304
718623685
909122101
488733006
169804257
242819322
99039253
164980633
868969377
329596888
162355302
286136314
292108594
52949101
374879730
692741317
951146478
143604150
6813095
743847549
320299338
531771188
87422461
532484688
829341876
758674181
146995402
424070637
175567198
50716119
301968196
619658501
621856155
63606649
960907858
791660411
306425970
59947111
956641043
27911698
242060350
118996345
166564364
534168943
24461797
541444093
79426611
828124627
685048242
86239705
571972175
857863931
618010893
511910987
390348618
299869120
123101519
389860371
723939756
298668716
293092842
878424304
918327217
914948996
942030952
731751426
706609407
100973273
644214888
515766801
128884970
886275237
487279497
295449333
272960532
364257646
836893426
352387142
192382272
374458019
438626847
616870798
84838302
909154091
128781785
475186919
209023210
104399655
865047290
785479317
403068371
10656483
663903620
173911939
925605478
458450923
905663364
484731236
559424195
549878252
498037
688309165
288669840
487777533
836274849
561630371
852035178
525684626
914017513
896933801
900142645
205160711
513804599
984980946
114314801
495102735
312684216
175854362
599502389
30247857
961333678
2570759
40904339
477753650
28999049
966509817
936204572
934662413
303757404
495628767
337057016
304255440
36454283
625726855
644549325
872729131
187357226
349100854
250930109
101374738
246034655
3589105
159051800
612355605
988570050
273366600
107458339
153770617
449220961
559477079
36534826
263070990
414564190
77439164
740824639
443563238
896465332
677029211
230742002
200222736
25174329
567799017
356994527
61628611
193525872
1543851
786874093
233399449
350644705
37804201
187290538
449195711
41393305
346342337
61551315
882479706
619708936
21526005
888766675
921446248
433519435
925301500
184517237
848083624
2740663
925341876
144163214
751722347
454887438
374905215
951945082
332578118
942704232
161455960
246723080
988746455
162999811
33597172
222145903
366160867
923917725
409436440
815356577
817827381
755778776
876907891
552823439
228004063
750950247
294106465
1966662
184469681
219407964
186483898
885069657
74664978
964342125
29232870
826387324
271745914
256654436
630848757
604324031
51875019
792304717
851047110
40621473
807820879
737160634
115283727
173981745
513594710
377236518
989338321
183938442
133015293
718762563
736761880
213535707
322229161
30868344
215502368
506698841
102792659
254502618
244284849
29973989
218844742
126034070
856361312
490590656
382688506
339726421
94914686
287079876
984547489
798478148
180217701
792368367
535638781
295501427
818866463
49233490
672737945
660721135
85688283
658269589
232000049
822450163
724321648
554229209
705834858
939824015
60928049
661143869
46842984
157729250
691117857
265687726
283763319
399995520
608794733
666451824
739721940
556225770
953531700
576785780
354703917
133749400
221670498
742859049
281767178
40536960
644608890
807021474
701258094
730297173
317807415
933258142
405263687
42129062
340003702
111098544
834469428
253448103
624758764
881312412
411177352
315876620
147000137
694940670
715872140
608311221
213908846
308110431
164536990
19956897
884896211
371757259
6222648
106566708
114616307
287989825
999620020
759225197
95011299
553394465
342038721
265335065
339168959
747302407
307464126
679172660
710917302
141933553
932620762
335676066
875762316
343798113
504069037
875278804
38738783
72457528
483590024
105163980
380567959
500643366
125120876
117980521
872400624
131343523
77063580
987016930
419333347
76683599
598758478
366860997
482594416
940797198
632196061
821763374
540615956
792176538
500936033
2147483647
0
